0 0.850078 0.562396 0.061766 0.079153
0 0.259234 0.550833 0.040625 0.055694
0 0.454043 0.521257 0.050414 0.052208
0 0.343668 0.491229 0.049930 0.049597
0 0.264375 0.481229 0.040141 0.043514
0 0.373320 0.440333 0.036703 0.029583
0 0.407633 0.433375 0.029172 0.023944
0 0.248402 0.397653 0.026117 0.019944
0 0.212293 0.399278 0.028148 0.018139
0 0.480379 0.437528 0.034961 0.035444
0 0.528711 0.726479 0.068359 0.103097
0 0.718422 0.604090 0.064609 0.080347
0 0.276934 0.604681 0.046836 0.076667
0 0.456922 0.587201 0.055906 0.070347
0 0.591023 0.523118 0.037328 0.045514
0 0.386320 0.626479 0.060344 0.094069
0 0.482926 0.471910 0.041492 0.029542
0 0.575605 0.480167 0.052039 0.051056
0 0.613719 0.476444 0.036594 0.034639
0 0.306184 0.413299 0.020102 0.019597
0 0.779391 0.561993 0.087000 0.095264
0 0.431926 0.933382 0.134945 0.130736
0 0.810617 0.928618 0.161484 0.142764
