0 0.703250 0.502194 0.055375 0.049778
0 0.597602 0.826569 0.094047 0.139778
0 0.498109 0.628722 0.066484 0.102194
0 0.766156 0.642278 0.077375 0.085111
0 0.920125 0.651618 0.100234 0.102764
0 0.628617 0.510549 0.052250 0.047597
0 0.467348 0.438743 0.040352 0.050375
0 0.308668 0.521285 0.039961 0.057486
0 0.544996 0.502125 0.044727 0.050056
0 0.657918 0.699174 0.088586 0.113542
0 0.401004 0.677424 0.060992 0.114903
0 0.443539 0.502944 0.049437 0.066778
0 0.426203 0.434785 0.024469 0.028347
0 0.369398 0.587653 0.046719 0.076750
0 0.352504 0.413264 0.024742 0.037472
0 0.824797 0.925014 0.050750 0.122083
0 0.649168 0.567528 0.054742 0.050056
0 0.665512 0.969319 0.118273 0.061361
0 0.375137 0.516722 0.046008 0.045250
0 0.256402 0.478451 0.036602 0.043708
0 0.331781 0.482576 0.039328 0.046125
0 0.380801 0.475542 0.041242 0.041750
0 0.248480 0.445681 0.032773 0.034472
0 0.546867 0.459542 0.042656 0.040444
