0 0.545141 0.581924 0.062859 0.071486
0 0.461645 0.523563 0.052883 0.063181
0 0.378941 0.509653 0.042305 0.057917
0 0.272129 0.464528 0.037648 0.036861
0 0.324371 0.444236 0.042305 0.047361
0 0.464238 0.452576 0.036320 0.037875
0 0.516125 0.433882 0.045609 0.040292
0 0.990824 0.642319 0.018023 0.057972
0 0.438078 0.582187 0.048578 0.062819
0 0.623305 0.679708 0.078016 0.101861
0 0.292566 0.503799 0.040148 0.049764
0 0.552844 0.472118 0.052297 0.055625
0 0.262273 0.898542 0.121719 0.191667
0 0.778332 0.642958 0.087617 0.117111
0 0.842543 0.615944 0.072773 0.069472
0 0.476270 0.632667 0.059898 0.081889
0 0.616543 0.497646 0.051570 0.059653
0 0.285625 0.625569 0.053938 0.103528
0 0.736105 0.518403 0.052773 0.050639
0 0.700043 0.537701 0.057023 0.058625
0 0.232016 0.467743 0.028281 0.034153
0 0.330590 0.539083 0.045336 0.063722
