0 0.431820 0.946139 0.131578 0.107722
0 0.556449 0.460361 0.035242 0.038972
0 0.834215 0.689382 0.090305 0.084542
0 0.352063 0.438153 0.024984 0.019639
0 0.502848 0.649896 0.069930 0.107847
0 0.323359 0.515882 0.047531 0.090819
0 0.282715 0.652715 0.056102 0.099875
0 0.485961 0.466681 0.033984 0.043111
0 0.559059 0.775174 0.082117 0.124764
0 0.765852 0.602361 0.068687 0.075500
0 0.825617 0.553174 0.072453 0.071042
0 0.460000 0.469889 0.038766 0.038806
0 0.299820 0.398076 0.033813 0.029208
0 0.971160 0.710431 0.057680 0.104472
0 0.612816 0.499979 0.050086 0.048097
0 0.629453 0.477889 0.052656 0.032500
0 0.270906 0.409035 0.025281 0.023042
0 0.245195 0.468882 0.037844 0.045958
0 0.396699 0.429840 0.020930 0.020986
0 0.621230 0.453181 0.047164 0.032500
0 0.322098 0.419431 0.030336 0.030333
0 0.382578 0.482444 0.045516 0.043500
0 0.261207 0.542958 0.041227 0.065500
0 0.234016 0.932104 0.093859 0.135792
