0 0.499820 0.556868 0.065250 0.073042
0 0.491508 0.462472 0.038531 0.040222
0 0.972387 0.738944 0.055227 0.149000
0 0.287645 0.594875 0.075555 0.165806
0 0.515719 0.442229 0.047516 0.045153
0 0.833992 0.553722 0.079953 0.072944
0 0.327051 0.419646 0.025961 0.030542
0 0.432148 0.424750 0.034953 0.033500
0 0.364836 0.437014 0.037734 0.034472
0 0.284703 0.404889 0.026625 0.024139
0 0.243680 0.433937 0.037641 0.033153
0 0.254660 0.456042 0.032539 0.034444
0 0.248992 0.521694 0.046797 0.082556
0 0.342871 0.543014 0.040086 0.067778
0 0.353422 0.465382 0.048797 0.066292
0 0.440617 0.581764 0.052109 0.067083
0 0.447813 0.457743 0.046500 0.048264
0 0.626020 0.499549 0.052102 0.053181
0 0.722699 0.548438 0.064523 0.070153
0 0.595125 0.528715 0.048922 0.060597
0 0.839027 0.618604 0.091758 0.080875
0 0.532348 0.674667 0.070008 0.105194
