0 0.447281 0.573403 0.053781 0.065833
0 0.610254 0.474090 0.050336 0.051625
0 0.397578 0.657521 0.069687 0.137236
0 0.929129 0.608486 0.083602 0.075306
0 0.676910 0.580743 0.062211 0.066819
0 0.522504 0.693181 0.066523 0.116250
0 0.682719 0.721694 0.086203 0.128083
0 0.497758 0.483278 0.045703 0.044194
0 0.811191 0.676153 0.085023 0.082917
0 0.442004 0.461507 0.038023 0.038347
0 0.340305 0.491410 0.042359 0.055597
0 0.237570 0.523729 0.039641 0.047319
0 0.330445 0.545889 0.044172 0.065444
0 0.275797 0.590687 0.045875 0.052347
0 0.285426 0.627938 0.048133 0.076514
0 0.589953 0.529479 0.047438 0.052153
0 0.239852 0.465097 0.034953 0.037389
0 0.314551 0.416549 0.026492 0.024764
0 0.684422 0.964660 0.120781 0.070681
0 0.663152 0.476292 0.043758 0.030861
0 0.840418 0.959729 0.047195 0.068264
0 0.282738 0.782111 0.078508 0.169556
0 0.936516 0.692208 0.085641 0.076556
0 0.979398 0.580125 0.041125 0.071694
