0 0.372547 0.511250 0.042094 0.053083
0 0.653945 0.443604 0.126484 0.091681
0 0.709703 0.551840 0.060687 0.062014
0 0.821996 0.559021 0.068773 0.055764
0 0.424316 0.566549 0.052336 0.080403
0 0.565293 0.478840 0.051898 0.052153
0 0.682031 0.497563 0.052500 0.052875
0 0.800590 0.506889 0.063258 0.047667
0 0.567648 0.498556 0.055547 0.091250
0 0.778430 0.655236 0.084578 0.071583
0 0.332496 0.536979 0.043039 0.062375
0 0.301055 0.650069 0.051656 0.093056
0 0.955594 0.604542 0.060469 0.071000
0 0.258871 0.546056 0.041852 0.098833
0 0.467863 0.972757 0.112961 0.054486
0 0.257098 0.948493 0.102352 0.103014
0 0.624418 0.874750 0.115242 0.179250
0 0.505680 0.422493 0.103766 0.084403
0 0.275141 0.489924 0.039156 0.038292
0 0.321152 0.477312 0.038180 0.035681
