0 0.965617 0.707667 0.064375 0.065278
0 0.271941 0.832722 0.080508 0.161889
0 0.555273 0.467201 0.055859 0.049958
0 0.772852 0.652861 0.078312 0.090583
0 0.598520 0.463271 0.029039 0.044514
0 0.425430 0.434361 0.040078 0.036028
0 0.394180 0.447292 0.035734 0.033944
0 0.306078 0.471222 0.035734 0.034806
0 0.273039 0.491236 0.035234 0.045250
0 0.239023 0.530389 0.037688 0.055694
0 0.377781 0.614361 0.056781 0.082667
0 0.476898 0.610875 0.069016 0.086139
0 0.814422 0.519597 0.059906 0.057917
0 0.686523 0.742688 0.090188 0.116347
0 0.497332 0.481389 0.042758 0.038750
0 0.462691 0.949444 0.114289 0.095083
0 0.326355 0.416861 0.034852 0.035861
0 0.762918 0.409319 0.037430 0.050444
0 0.768801 0.568944 0.067367 0.067306
0 0.635223 0.557438 0.058961 0.051931
0 0.608117 0.889674 0.110719 0.182292
0 0.275813 0.707993 0.062688 0.101264
