0 0.260512 0.481653 0.037289 0.044194
0 0.913605 0.577306 0.082945 0.086500
0 0.251699 0.551090 0.041086 0.049458
0 0.292254 0.506646 0.039008 0.062097
0 0.328020 0.541375 0.038570 0.062972
0 0.508844 0.566375 0.054641 0.063167
0 0.897281 0.460250 0.070922 0.064389
0 0.301063 0.596229 0.042797 0.074347
0 0.544289 0.733528 0.073797 0.110306
0 0.748547 0.577972 0.070609 0.064361
0 0.737738 0.492535 0.051555 0.051847
0 0.293238 0.778486 0.072430 0.150000
0 0.732523 0.797153 0.112281 0.180889
0 0.333816 0.486021 0.042555 0.046042
0 0.322051 0.417250 0.041477 0.034167
0 0.279340 0.437785 0.056664 0.046153
0 0.262156 0.455660 0.034000 0.035097
0 0.400293 0.413937 0.036352 0.028958
0 0.370781 0.473528 0.037297 0.040944
0 0.431656 0.509590 0.048625 0.065014
0 0.434012 0.573625 0.035867 0.068250
0 0.391031 0.637903 0.088938 0.188278
