0 0.597453 0.466868 0.032797 0.044375
0 0.313867 0.415049 0.029781 0.041597
0 0.366016 0.424792 0.040141 0.047306
0 0.246949 0.907264 0.098727 0.153556
0 0.877773 0.645674 0.082687 0.071264
0 0.576258 0.483083 0.050875 0.052889
0 0.774734 0.870417 0.118641 0.148306
0 0.456187 0.604014 0.051344 0.077194
0 0.715336 0.513646 0.055375 0.059792
0 0.700340 0.598917 0.066695 0.071306
0 0.267227 0.587076 0.047422 0.076542
0 0.521508 0.653722 0.071312 0.110250
0 0.850840 0.694007 0.089523 0.083181
0 0.340656 0.542938 0.051359 0.061986
0 0.284801 0.690958 0.060633 0.132806
0 0.409402 0.675194 0.059086 0.113833
0 0.265188 0.482403 0.038234 0.042139
0 0.237223 0.519757 0.038555 0.050569
0 0.229641 0.450097 0.041078 0.034833
0 0.421445 0.542785 0.058141 0.074153
0 0.495645 0.551882 0.050414 0.059181
0 0.675762 0.961285 0.120898 0.077431
