0 0.853082 0.942514 0.107055 0.108250
0 0.273965 0.839493 0.085648 0.135764
0 0.507133 0.464465 0.040359 0.037986
0 0.859340 0.699799 0.100070 0.084014
0 0.423809 0.421687 0.037070 0.034153
0 0.340457 0.421069 0.031586 0.039028
0 0.382117 0.624201 0.050766 0.077236
0 0.239656 0.521167 0.040266 0.063167
0 0.307414 0.529340 0.047016 0.072653
0 0.985582 0.636264 0.028383 0.087583
0 0.665523 0.516771 0.043828 0.044931
0 0.632914 0.560563 0.048078 0.048625
0 0.830145 0.615083 0.071617 0.062139
0 0.433078 0.898840 0.106500 0.202319
0 0.188996 0.393583 0.020477 0.022750
0 0.250785 0.405611 0.026320 0.026000
0 0.294477 0.464750 0.040578 0.044194
0 0.345113 0.488799 0.040211 0.048097
0 0.568801 0.450063 0.038023 0.037708
0 0.561668 0.486465 0.045695 0.042903
0 0.595613 0.638854 0.071914 0.085736
