0 0.428266 0.505361 0.043578 0.049639
0 0.267316 0.539250 0.040164 0.069194
0 0.502387 0.554028 0.049195 0.056472
0 0.240484 0.466326 0.041906 0.049708
0 0.659371 0.514181 0.059820 0.047861
0 0.396125 0.691528 0.059344 0.093444
0 0.745027 0.559569 0.055695 0.054778
0 0.779273 0.545604 0.044672 0.039958
0 0.289469 0.501903 0.037484 0.041806
0 0.560852 0.510090 0.048672 0.048569
0 0.733727 0.619681 0.071922 0.072500
0 0.507715 0.445715 0.117555 0.131458
0 0.347016 0.432319 0.035641 0.030639
0 0.221676 0.425396 0.031867 0.029375
0 0.208078 0.480167 0.033000 0.059417
0 0.620637 0.550562 0.052273 0.055542
0 0.368406 0.513639 0.052453 0.052639
0 0.453688 0.959951 0.122063 0.080097
0 0.866848 0.720812 0.096039 0.097514
